23.472235,17959.43945,4781.419922,12.98,0.28,1.67,62.086296,2078.540039
23.627439,18024.16992,4765.419922,13.4,0.26,1.76,62.212803,2082.169922
23.581791,18030.21094,4773.470215,13.05,0.26,1.76,63.34164,2081.879883
23.536148,18053.71094,4806.859863,12.87,0.26,1.75,64.480217,2088.77002
23.463106,18038.23047,4806.910156,12.51,0.25,1.72,63.799015,2090.570068
23.344421,17983.07031,4777.439941,12.5,0.23,1.68,66.085899,2080.350098
23.070532,17823.07031,4736.049805,12.54,0.25,1.65,65.599327,2058.899902
22.878813,17832.99023,4726.810059,12.21,0.25,1.61,67.107689,2058.199951
22.458847,17501.65039,4652.569824,11.47,0.26,1.57,68.703636,2020.579956
21.974977,17371.64063,4592.740234,10.98,0.25,1.5,70.990509,2002.609985
21.984108,17584.51953,4650.470215,11.19,0.25,1.47,69.959,2025.900024
22.248869,17907.86914,4736.189941,11.31,0.23,1.5,69.686508,2062.139893
21.938463,17737.36914,4704.069824,11.12,0.22,1.45,72.897873,2044.810059
21.892813,17640.83984,4664.709961,10.47,0.19,1.39,75.243134,2028.26001
21.783258,17613.67969,4661.5,10.59,0.2,1.37,72.138824,2023.030029
21.710222,17427.08984,4639.319824,11.04,0.18,1.33,73.121696,2011.27002
21.527624,17320.71094,4570.819824,10.48,0.16,1.22,76.897476,1992.670044
21.536758,17511.57031,4634.379883,11.09,0.17,1.29,78.726974,2019.420044
21.774128,17515.23047,4654.850098,10.5,0.17,1.31,81.393379,2022.550049
21.94759,17554.2793,4667.419922,10.68,0.17,1.35,81.61721,2032.119995
22.166702,17813.98047,4750.399902,10.47,0.17,1.39,80.030975,2063.149902
22.349295,17672.59961,4757.879883,10.16,0.17,1.33,78.473961,2051.820068
22.449718,17678.69922,4771.759766,10.07,0.18,1.36,80.751114,2057.090088
22.257996,17387.21094,4681.5,10.32,0.17,1.34,82.619537,2029.550049
21.764999,17191.36914,4637.990234,9.85,0.17,1.25,81.159828,2002.160034
21.984108,17416.84961,4683.410156,9.92,0.17,1.28,80.828957,2021.25
21.81065,17164.94922,4635.240234,10.68,0.18,1.18,82.969864,1994.98999
22.102795,17361.03906,4676.689941,11.27,0.17,1.19,82.522224,2020.849976
22.340162,17666.40039,4727.740234,11.93,0.21,1.28,81.364189,2050.030029
22.057142,17673.01953,4716.700195,11.06,0.2,1.29,81.529617,2041.51001
22.367552,17884.88086,4765.100098,11.59,0.2,1.3,82.843353,2062.52002
22.385815,17824.28906,4744.399902,11.88,0.26,1.48,78.999458,2055.469971
22.495369,17729.21094,4726.009766,12.11,0.24,1.49,80.050446,2046.73999
22.568403,17868.75977,4787.640137,11.51,0.25,1.52,77.111565,2068.590088
22.614054,17862.14063,4801.180176,11.22,0.24,1.53,76.060585,2068.530029
22.72361,17972.38086,4857.609863,11.67,0.23,1.5,76.488762,2088.47998
22.960976,18019.34961,4893.839844,12.01,0.23,1.53,76.196815,2096.98999
22.97924,18047.58008,4899.27002,12.13,0.25,1.62,74.435425,2100.340088
23.052271,18029.84961,4906.359863,11.75,0.23,1.52,76.187088,2099.679932
23.043062,17985.76953,4924.700195,11.62,0.23,1.58,74.834419,2097.449951
23.227327,18140.43945,4955.970215,11.33,0.23,1.61,74.065636,2110.300049
23.190479,18116.83984,4960.970215,10.95,0.22,1.56,73.99752,2109.659912
23.393175,18209.18945,4968.120117,10.9,0.22,1.47,74.659256,2115.47998
23.872278,18224.57031,4967.140137,11.31,0.21,1.47,76.615265,2113.860107
23.853851,18214.41992,4987.890137,10.88,0.22,1.54,76.878014,2110.73999
23.945988,18132.69922,4963.529785,10.95,0.22,1.5,77.062904,2104.5
24.056549,18288.63086,5008.100098,11.07,0.22,1.57,75.778366,2117.389893
23.82621,18203.36914,4979.899902,11.18,0.26,1.61,74.338127,2107.780029
23.641939,18096.90039,4967.140137,11.53,0.26,1.6,71.730103,2098.530029
23.789356,18135.7207,4982.810059,11.34,0.25,1.57,71.545204,2101.040039
23.420816,17856.7793,4927.370117,11.03,0.27,1.7,67.3899,2071.26001
23.623514,17995.7207,4942.439941,11.1,0.27,1.66,66.689247,2079.429932
23.190479,17662.93945,4859.790039,10.79,0.25,1.62,65.356049,2044.160034
23.208904,17635.39063,4849.939941,10.7,0.25,1.6,67.633186,2040.23999
23.402388,17895.2207,4893.290039,10.44,0.24,1.59,67.760796,2065.949951
23.070702,17749.31055,4871.759766,10.03,0.24,1.6,67.034401,2053.399902
23.44846,17977.41992,4929.509766,9.7,0.26,1.57,67.485947,2081.189941
23.319468,17849.08008,4937.430176,9.44,0.27,1.56,67.368149,2074.280029
23.623514,18076.18945,4982.830078,9.99,0.23,1.41,69.409904,2099.5
23.337894,17959.0293,4992.379883,9.57,0.26,1.48,69.282303,2089.27002
23.402388,18127.65039,5026.419922,9.79,0.24,1.42,70.852882,2108.100098
23.466881,18116.03906,5010.970215,10.01,0.24,1.41,72.030815,2104.419922
23.282614,18011.14063,4994.72998,10.06,0.24,1.37,71.255341,2091.5
22.950924,17718.53906,4876.52002,10.42,0.25,1.41,70.391518,2061.050049
22.849573,17678.23047,4863.359863,10.94,0.28,1.47,69.704391,2056.149902
22.904861,17712.66016,4891.220215,10.25,0.27,1.42,69.655312,2061.02002
23.144411,17976.31055,4947.439941,10.27,0.27,1.41,69.606232,2086.23999
22.858789,17776.11914,4900.879883,10.05,0.26,1.37,67.996376,2067.889893
22.886427,17698.17969,4880.22998,10.51,0.27,1.32,70.195198,2059.689941
22.978567,17763.24023,4886.939941,10.51,0.25,1.35,69.625862,2066.959961
23.199694,17880.84961,4917.319824,11.04,0.21,1.31,70.735085,2080.620117
23.052271,17875.41992,4910.22998,11.47,0.22,1.32,69.478615,2076.330078
23.043062,17902.50977,4950.819824,10.81,0.22,1.35,68.987808,2081.899902
23.706438,17958.73047,4974.560059,10.79,0.22,1.4,68.477379,2091.179932
26.267799,18057.65039,4995.97998,11.03,0.24,1.41,69.881088,2102.060059
25.457008,17977.03906,4988.25,11.08,0.23,1.38,69.900711,2092.429932
25.549145,18036.69922,4977.290039,11.29,0.23,1.34,71.274971,2095.840088
25.300377,18112.60938,5011.02002,11.89,0.23,1.33,73.051697,2106.629883
25.134533,18105.76953,5007.790039,12.08,0.22,1.31,73.98423,2104.98999
25.10689,17826.30078,4931.810059,12.01,0.23,1.31,73.277473,2081.179932
24.894979,18034.92969,4994.600098,12.05,0.24,1.33,74.00386,2100.399902
24.52644,17949.58984,5014.100098,11.76,0.23,1.35,73.954773,2097.290039
24.793631,18038.26953,5035.169922,11.68,0.23,1.41,72.835739,2107.959961
24.73835,18058.68945,5056.060059,11.94,0.24,1.37,74.690987,2112.929932
24.692284,18080.14063,5092.080078,11.91,0.24,1.34,73.179306,2117.689941
24.765991,18037.9707,5060.25,11.8,0.25,1.36,72.875,2108.919922
24.987118,18110.14063,5055.419922,11.85,0.24,1.39,75.967087,2114.76001
24.959476,18035.5293,5023.640137,12.19,0.25,1.43,76.526611,2106.850098
24.950264,17840.51953,4941.419922,12.46,0.24,1.43,74.769516,2085.51001
25.162176,18024.06055,5005.390137,12.39,0.25,1.5,74.396507,2108.290039
25.12532,18070.40039,5016.930176,12.29,0.25,1.51,74.749886,2114.48999
24.802847,17928.19922,4939.330078,12.64,0.24,1.54,73.679924,2089.459961
24.701494,17841.98047,4919.640137,12.69,0.25,1.58,72.629601,2080.149902
24.91341,17924.06055,4945.540039,12.27,0.24,1.55,72.384193,2088
25.208241,18191.10938,5003.549805,12.4,0.23,1.5,72.001366,2116.100098
24.802847,18105.16992,4993.569824,12.37,0.25,1.59,72.070076,2105.330078
24.904196,18068.23047,4976.189941,12.63,0.25,1.58,72.63942,2099.120117
25.070038,18060.49023,4981.689941,12.54,0.24,1.57,75.034561,2098.47998
25.254309,18252.24023,5050.799805,12.48,0.23,1.51,75.181786,2121.100098
25.12532,18272.56055,5048.290039,12.48,0.23,1.46,74.769516,2122.72998
25.162176,18298.88086,5078.439941,12.43,0.22,1.54,74.946205,2129.199951
25.199028,18312.39063,5070.029785,11.88,0.23,1.6,72.413643,2127.830078
25.466219,18285.40039,5071.740234,12.02,0.23,1.57,72.767021,2125.850098
25.539927,18285.74023,5090.790039,12.45,0.22,1.53,72.59034,2130.820068
25.503078,18232.01953,5089.359863,12.28,0.23,1.57,72.217323,2126.060059
25.355658,18041.53906,5032.75,11.92,0.24,1.54,69.655312,2104.199951
25.355658,18162.99023,5106.589844,11.77,0.27,1.53,70.254089,2123.47998
25.457008,18126.11914,5097.97998,11.82,0.26,1.51,70.843063,2120.790039
25.12532,18010.67969,5070.029785,12.35,0.26,1.49,70.901962,2107.389893
25.134533,18040.36914,5082.930176,12.37,0.26,1.55,70.921593,2111.72998
25.180599,18011.93945,5076.52002,12.62,0.26,1.61,71.795227,2109.600098
25.364872,18076.26953,5099.22998,12.25,0.26,1.69,70.126488,2114.070068
25.116106,17905.58008,5059.120117,11.91,0.27,1.65,69.69458,2095.840088
25.143747,17849.46094,5068.459961,12.07,0.29,1.75,68.60498,2092.830078
25.097681,17766.55078,5021.629883,11.92,0.27,1.72,69.400085,2079.280029
25.180599,17764.03906,5013.870117,12.28,0.27,1.74,69.282303,2080.149902
25.457008,18000.40039,5076.689941,12.56,0.28,1.8,71.088463,2105.199951
25.346441,18039.36914,5082.509766,12.45,0.28,1.74,70.911774,2108.860107
25.235882,17898.83984,5051.100098,12.31,0.28,1.75,70.155937,2094.110107
25.070038,17791.16992,5029.970215,12.23,0.28,1.71,70.195198,2084.429932
25.079252,17904.48047,5055.549805,12.31,0.28,1.68,69.125237,2096.290039
25.12532,17935.74023,5064.879883,12.25,0.27,1.63,69.969429,2100.439941
25.431953,18115.83984,5132.950195,12.36,0.26,1.65,70.833252,2121.23999
25.311157,18015.94922,5117,12.15,0.25,1.59,69.027077,2109.98999
25.478413,18119.7793,5153.970215,12.23,0.27,1.68,68.8013,2122.850098
25.599205,18144.07031,5160.089844,12.45,0.3,1.71,68.300682,2124.199951
25.329744,17966.07031,5122.410156,12.26,0.3,1.69,69.203766,2108.580078
25.12532,17890.35938,5112.189941,12.12,0.29,1.7,68.457741,2102.310059
25.171782,17946.67969,5080.509766,12.11,0.29,1.75,67.643005,2101.48999
24.753643,17596.34961,4958.470215,11.79,0.27,1.62,67.427048,2057.639893
24.688599,17619.50977,4986.870117,12.05,0.28,1.63,65.71904,2063.110107
24.772226,17757.91016,5013.120117,11.5,0.28,1.7,63.834339,2077.419922
24.883728,17730.10938,5009.209961,11.41,0.26,1.64,65.326393,2076.780029
24.447008,17683.58008,4991.939941,10.61,0.26,1.56,65.76812,2068.76001
24.59568,17776.91016,4997.459961,10.61,0.25,1.55,62.97052,2081.340088
24.056747,17515.41992,4909.759766,10.35,0.24,1.5,62.99015,2046.680054
24.177547,17548.61914,4922.399902,10.54,0.25,1.58,63.225746,2051.310059
24.409843,17760.41016,4997.700195,10.55,0.28,1.68,62.980343,2076.620117
24.59568,17977.67969,5071.509766,10.44,0.28,1.71,63.883427,2099.600098
24.772226,18053.58008,5104.890137,10.59,0.27,1.67,63.451511,2108.949951
24.874439,18050.16992,5098.939941,10.27,0.28,1.63,62.361919,2107.399902
25.12532,18120.25,5163.180176,10.11,0.29,1.66,62.31284,2124.290039
25.311157,18086.44922,5210.140137,10.11,0.29,1.67,60.74226,2126.639893
25.218237,18100.41016,5218.859863,9.92,0.31,1.72,57.483303,2128.280029
24.948776,17919.28906,5208.120117,10.05,0.34,1.69,58.788845,2119.209961
24.744349,17851.03906,5171.77002,9.69,0.34,1.69,59.122597,2114.149902
24.400553,17731.91992,5146.410156,9.57,0.33,1.65,57.237896,2102.149902
23.926664,17568.5293,5088.629883,9.48,0.32,1.64,59.338551,2079.649902
24.112501,17440.58984,5039.779785,9.22,0.32,1.58,56.531136,2067.639893
24.251881,17630.26953,5089.209961,9.34,0.32,1.61,57.89558,2093.25
24.400553,17751.39063,5111.72998,9.6,0.33,1.62,59.426899,2108.570068
24.270468,17745.98047,5128.779785,9.52,0.36,1.62,57.934845,2108.629883
24.251881,17689.85938,5128.279785,9.17,0.33,1.54,59.260021,2103.840088
24.038168,17598.19922,5115.379883,8.83,0.33,1.52,57.345875,2098.040039
24.066046,17550.68945,5105.549805,8.91,0.37,1.6,57.542194,2093.320068
24.251881,17540.4707,5139.939941,8.79,0.38,1.65,58.023186,2099.840088
24.186834,17419.75,5056.439941,8.68,0.35,1.62,58.945904,2083.560059
23.963831,17373.38086,5043.540039,8.46,0.38,1.59,59.152042,2077.570068
24.381969,17615.16992,5101.799805,8.67,0.4,1.62,60.761894,2104.179932
23.889498,17402.83984,5036.790039,8.4,0.37,1.53,61.105457,2084.070068
24.028875,17402.50977,5044.390137,8.37,0.37,1.52,64.050293,2086.050049
23.963831,17408.25,5033.560059,8.12,0.4,1.58,60.81097,2083.389893
24.233297,17477.40039,5048.240234,8.05,0.41,1.61,60.879684,2091.540039
24.354092,17545.17969,5091.700195,7.98,0.4,1.58,61.714058,2102.439941
24.224003,17511.33984,5059.350098,8.08,0.42,1.6,61.262512,2096.919922
23.908081,17348.73047,5019.049805,7.66,0.39,1.5,62.028172,2079.610107
23.406317,16990.68945,4877.490234,7.62,0.39,1.5,65.434372,2035.72998
22.848803,16459.75,4706.040039,7.5,0.36,1.44,64.541107,1970.890015
22.179787,15871.34961,4526.25,7.01,0.33,1.39,61.301777,1893.209961
21.622269,15666.44043,4506.490234,7.16,0.36,1.48,60.69318,1867.609985
22.309874,16285.50977,4697.540039,7.19,0.35,1.49,57.669807,1940.51001
23.239063,16654.76953,4812.709961,7.98,0.36,1.49,59.613403,1987.660034
23.378443,16643.00977,4828.319824,8.56,0.38,1.52,60.114029,1988.869995
23.062517,16528.0293,4776.509766,9.18,0.39,1.54,59.181492,1972.180054
22.189075,16058.34961,4636.100098,8.47,0.39,1.49,58.219513,1913.849976
22.830219,16351.37988,4749.97998,8.63,0.37,1.52,58.101719,1948.859985
22.774467,16374.75977,4733.5,8.82,0.36,1.49,57.483303,1951.130005
22.300579,16102.37988,4683.919922,8.62,0.36,1.47,56.099228,1921.219971
23.192602,16492.67969,4811.930176,8.63,0.39,1.53,55.922535,1969.410034
22.811636,16253.57031,4756.529785,8.32,0.39,1.53,55.255035,1942.040039
22.932428,16330.40039,4796.25,8.53,0.39,1.55,55.451363,1952.290039
23.183315,16433.08984,4822.339844,8.35,0.4,1.52,56.776539,1961.050049
23.016058,16370.95996,4805.759766,8.22,0.4,1.51,54.499195,1953.030029
23.508524,16599.84961,4860.52002,8.43,0.47,1.61,54.528641,1978.089966
24.093918,16739.94922,4889.240234,8.88,0.46,1.62,57.650173,1995.310059
23.765791,16674.74023,4893.950195,8.8,0.39,1.5,58.19006,1990.199951
23.250162,16384.58008,4827.22998,8.49,0.35,1.45,59.328735,1958.030029
23.522038,16510.18945,4828.950195,8.71,0.36,1.51,57.748337,1966.969971
23.540789,16330.46973,4756.720215,8.63,0.35,1.44,55.844006,1942.73999
23.568914,16279.88965,4752.740234,8.37,0.34,1.47,55.706581,1938.76001
23.353289,16201.32031,4734.47998,8.4,0.32,1.44,59.682114,1932.23999
23.362663,16314.66992,4686.5,8.44,0.35,1.48,58.494362,1931.339966
22.790783,16001.88965,4543.970215,8.29,0.34,1.42,56.737274,1881.77002
23.034534,16049.12988,4517.319824,8.34,0.33,1.37,56.658745,1884.089966
23.643915,16284.7002,4620.160156,8.46,0.33,1.37,58.003555,1920.030029
23.615789,16272.00977,4627.080078,8.41,0.31,1.37,57.650173,1923.819946
23.878288,16472.36914,4707.779785,8.5,0.25,1.29,62.185226,1951.359985
25.143925,16776.42969,4781.259766,8.65,0.26,1.35,62.734932,1987.050049
25.584555,16790.18945,4748.359863,9.1,0.26,1.34,63.549675,1979.920044
26.034559,16912.28906,4791.149902,8.99,0.27,1.37,64.413498,1995.829956
26.278309,17050.75,4810.790039,9.32,0.27,1.4,64.344788,2013.430054
26.315807,17084.49023,4830.470215,9.3,0.28,1.41,66.612305,2014.890015
26.334555,17131.85938,4838.640137,8.83,0.28,1.41,65.50309,2017.459961
26.128307,17081.89063,4796.609863,8.67,0.27,1.36,65.512894,2003.689941
25.875181,16924.75,4782.850098,8.74,0.21,1.29,68.673698,1994.23999
26.278309,17141.75,4870.100098,8.75,0.22,1.34,68.46756,2023.859985
27.16894,17215.9707,4886.689941,8.82,0.23,1.36,68.016022,2033.109985
27.178312,17230.53906,4905.470215,8.65,0.23,1.35,66.97551,2033.660034
26.981436,17217.10938,4880.970215,8.63,0.23,1.4,68.938736,2030.77002
27.047064,17168.60938,4840.120117,8.5,0.23,1.37,67.868774,2018.939941
27.731445,17489.16016,4920.049805,8.51,0.23,1.36,67.957123,2052.51001
27.665817,17646.69922,5031.859863,8.44,0.24,1.43,69.881088,2075.149902
27.703316,17623.05078,5034.700195,8.29,0.25,1.41,67.574287,2071.179932
27.618942,17581.42969,5030.149902,8.17,0.29,1.38,67.888405,2065.889893
27.553314,17779.51953,5095.689941,8.57,0.33,1.47,68.055283,2090.350098
27.506441,17755.80078,5074.27002,8.5,0.33,1.53,65.76812,2089.409912
27.11269,17663.53906,5053.75,8.59,0.34,1.52,65.640518,2079.360107
27.562691,17828.75977,5127.149902,8.56,0.37,1.57,65.444183,2104.050049
27.740818,17918.15039,5145.129883,8.84,0.39,1.59,64.914116,2109.790039
27.693943,17867.58008,5142.47998,8.67,0.4,1.64,63.72636,2102.310059
27.787693,17863.42969,5127.740234,8.53,0.42,1.65,61.311596,2099.929932
28.050198,17910.33008,5147.120117,8.41,0.47,1.73,58.641609,2099.199951
27.890821,17730.48047,5095.299805,8.32,0.47,1.75,59.819538,2078.580078
28.237696,17758.21094,5083.240234,8.27,0.51,1.72,58.523811,2081.719971
28.753325,17702.2207,5067.02002,8.1,0.51,1.72,59.142227,2075
28.275196,17448.07031,5005.080078,7.86,0.51,1.73,58.837925,2045.969971
28.387699,17245.24023,4927.879883,7.64,0.5,1.67,58.975353,2023.040039
28.462698,17483.00977,4984.620117,7.86,0.5,1.66,59.868622,2053.189941
28.4252,17489.5,4986.02002,7.63,0.5,1.66,58.307858,2050.439941
28.6127,17737.16016,5075.200195,7.61,0.49,1.69,60.320168,2083.580078
28.378323,17732.75,5073.640137,7.56,0.49,1.68,60.369244,2081.23999
28.74395,17823.81055,5104.919922,7.54,0.49,1.7,58.720135,2089.169922
28.678324,17792.67969,5102.47998,7.59,0.5,1.7,58.425648,2086.590088
28.74395,17812.18945,5102.810059,7.79,0.52,1.66,60.379059,2089.139893
28.462698,17813.39063,5116.140137,7.82,0.52,1.66,59.26984,2088.870117
28.462698,17813.39063,5127.52002,7.63,0.5,1.64,59.073513,2090.110107
28.068947,17719.91992,5108.669922,7.52,0.51,1.65,59.48579,2080.409912
28.284573,17888.34961,5156.310059,7.49,0.51,1.59,62.28339,2102.629883
28.097071,17729.67969,5123.220215,7.24,0.52,1.63,61.556995,2079.51001
28.153324,17477.66992,5037.529785,7.43,0.57,1.74,61.871113,2049.620117
28.584572,17847.63086,5142.27002,7.22,0.6,1.71,63.981583,2091.689941
28.472075,17730.50977,5101.810059,6.73,0.67,1.67,61.517731,2077.070068
28.303324,17568,5098.240234,6.71,0.76,1.68,60.212189,2063.590088
28.565825,17492.30078,5022.870117,6.64,0.72,1.64,61.743504,2047.619995
28.734575,17574.75,5045.169922,6.5,0.71,1.68,61.4981,2052.22998
28.36895,17265.21094,4933.470215,6.4,0.68,1.56,61.252697,2012.369995
28.36895,17368.5,4952.22998,6.39,0.68,1.66,58.945904,2021.939941
28.4252,17524.91016,4995.359863,6.51,0.69,1.71,59.240387,2043.410034
29.043951,17749.08984,5071.129883,6.26,0.7,1.75,61.046558,2073.070068
28.855047,17495.83984,5002.549805,6.14,0.69,1.73,58.150799,2041.890015
28.600027,17128.55078,4923.080078,6.12,0.67,1.67,58.425648,2005.550049
28.713367,17251.61914,4968.919922,6.08,0.64,1.67,58.975353,2021.150024
28.798374,17417.26953,5001.109863,6.19,0.66,1.71,59.750828,2038.969971
29.232855,17602.60938,5045.930176,6.51,0.65,1.74,61.704239,2064.290039
29.119511,17552.16992,5048.490234,6.51,0.64,1.73,62.018356,2060.98999
29.185629,17528.26953,5040.990234,6.35,0.66,1.73,60.938583,2056.5
29.544546,17720.98047,5107.939941,6.48,0.67,1.81,61.252697,2078.360107
29.327307,17603.86914,5065.850098,6.25,0.64,1.8,60.909134,2063.360107
29.421759,17425.0293,5007.410156,6.23,0.65,1.76,60.791336,2043.939941
29.006168,17148.93945,4903.089844,6.26,0.61,1.73,61.331226,2012.660034
29.034502,17158.66016,4891.430176,6.12,0.68,1.73,61.42939,2016.709961
28.571693,16906.50977,4835.759766,5.88,0.67,1.65,61.920197,1990.26001
27.362709,16514.09961,4689.430176,5.78,0.66,1.61,64.531288,1943.089966
26.871561,16346.4502,4643.629883,5.67,0.64,1.57,62.607323,1922.030029
26.994345,16398.57031,4637.990234,5.35,0.63,1.58,61.52755,1923.670044
27.051016,16516.2207,4685.919922,5.4,0.62,1.55,59.868622,1938.680054
26.67321,16151.41016,4526.060059,5.31,0.6,1.51,60.585201,1890.280029
27.447714,16379.04981,4615,5.49,0.55,1.52,59.907887,1921.839966
26.909338,15988.08008,4488.419922,5.61,0.49,1.46,60.977844,1880.329956
26.909338,16016.01953,4476.950195,5.58,0.48,1.49,59.760643,1881.329956
26.446526,15766.74023,4471.689941,5.51,0.43,1.44,62.1656,1859.329956
27.003792,15882.67969,4472.060059,4.57,0.44,1.44,63.922688,1868.98999
26.67321,16093.50977,4591.180176,4.83,0.47,1.49,64.462578,1906.900024
26.484308,15885.21973,4518.490234,4.51,0.47,1.47,64.403679,1877.079956
26.739325,16167.23047,4567.669922,4.66,0.47,1.45,67.701904,1903.630005
26.446526,15944.45996,4468.169922,4.79,0.47,1.43,67.849144,1882.949951
26.644871,16069.63965,4506.680176,5.09,0.47,1.4,68.212334,1893.359985
27.485495,16466.30078,4613.950195,5.12,0.47,1.33,69.419731,1940.23999
27.051016,16449.17969,4620.370117,4.86,0.47,1.38,71.23571,1939.380005
26.67321,16153.54004,4516.950195,4.64,0.54,1.28,71.196442,1903.030029
27.079351,16336.66016,4504.240234,4.98,0.54,1.27,73.817352,1912.530029
27.561056,16416.58008,4509.560059,4.89,0.52,1.25,75.387939,1915.449951
26.956568,16204.96973,4363.140137,4.81,0.55,1.25,76.860359,1880.050049
26.607092,16027.04981,4283.75,4.71,0.51,1.16,83.55497,1853.439941
26.710993,16014.37988,4268.759766,4.51,0.52,1.15,82.504639,1852.209961
26.729877,15914.74023,4283.589844,4.47,0.52,1.15,83.103424,1851.859985
25.92704,15660.17969,4266.839844,4.48,0.47,1.11,86.244583,1829.079956
26.692099,15973.83984,4337.509766,4.54,0.51,1.2,88.620087,1864.780029
27.25881,16196.41016,4435.959961,4.6,0.51,1.23,82.858017,1895.579956
27.712179,16453.83008,4534.060059,4.84,0.53,1.26,85.547638,1926.819946
27.466606,16413.42969,4487.540039,4.69,0.53,1.21,88.600456,1917.829956
27.409935,16391.99023,4504.430176,4.63,0.53,1.24,89.179604,1917.780029
27.778296,16620.66016,4570.609863,4.79,0.55,1.25,89.169792,1945.5
27.598837,16431.7793,4503.580078,4.62,0.55,1.23,90.082695,1921.27002
27.353262,16484.99023,4542.609863,4.77,0.55,1.21,89.3563,1929.800049
27.829302,16697.28906,4582.200195,4.81,0.56,1.16,88.865494,1951.699951
27.991154,16639.9707,4590.470215,4.74,0.6,1.23,87.736633,1948.050049
27.743616,16516.5,4557.950195,4.82,0.62,1.22,89.57225,1932.22998
28.448154,16865.08008,4689.600098,4.91,0.68,1.31,86.146431,1978.349976
28.733778,16899.32031,4703.419922,4.98,0.67,1.34,86.980789,1986.449951
28.77186,16943.90039,4707.419922,4.97,0.65,1.33,88.266708,1993.400024
29.00036,17006.76953,4717.02002,5.17,0.67,1.38,89.33667,1999.98999
28.838507,17073.94922,4708.25,5.44,0.67,1.42,89.57225,2001.76001
28.619526,16964.09961,4648.819824,5.27,0.68,1.34,87.108406,1979.26001
28.610006,17000.35938,4674.379883,5.43,0.68,1.39,87.687561,1989.26001
28.505281,16995.13086,4662.160156,5.4,0.69,1.45,89.974724,1989.569946
28.886112,17213.31055,4748.470215,5.48,0.7,1.49,88.472839,2022.189941
28.819466,17229.13086,4750.279785,5.4,0.7,1.49,86.460541,2019.640015
28.828987,17251.5293,4728.669922,5.25,0.71,1.5,88.10965,2015.930054
28.724258,17325.75977,4763.970215,5.46,0.66,1.41,90.760002,2027.219971
29.4764,17481.49023,4774.990234,5.64,0.64,1.39,92.490189,2040.589966
29.438318,17602.30078,4795.649902,5.66,0.62,1.34,92.401199,2049.580078
29.60017,17623.86914,4808.870117,5.69,0.63,1.38,91.05661,2051.600098
29.571609,17582.57031,4821.660156,5.66,0.64,1.42,91.699249,2049.800049
29.581127,17502.58984,4768.859863,5.36,0.64,1.37,87.497391,2036.709961
29.619211,17515.73047,4773.5,5.3,0.63,1.39,89.079269,2035.939941
29.981001,17535.39063,4766.790039,5.27,0.65,1.37,88.792549,2037.050049
29.971481,17633.10938,4846.620117,5.17,0.63,1.29,92.04528,2055.01001
30.304708,17716.66016,4869.290039,5.12,0.61,1.26,89.909752,2063.949951
30.266628,17685.08984,4869.850098,5.12,0.59,1.21,89.781219,2059.73999
30.39992,17792.75,4914.540039,4.95,0.62,1.24,89.514282,2072.780029
29.733461,17737,4891.799805,4.87,0.59,1.22,87.19091,2066.129883
29.495441,17603.32031,4843.930176,4.88,0.56,1.17,89.019951,2045.170044
29.419275,17716.05078,4920.720215,5.17,0.55,1.2,89.217682,2066.659912
29.162212,17541.96094,4848.370117,5.1,0.52,1.14,91.382874,2041.910034
29.314548,17576.96094,4850.689941,5.3,0.54,1.16,93.004295,2047.599976
29.238379,17556.41016,4833.399902,5.38,0.53,1.16,95.149704,2041.98999
29.33359,17721.25,4872.089844,5.62,0.54,1.22,96.860107,2061.719971
29.495441,17908.2793,4947.419922,5.62,0.55,1.22,93.52829,2082.419922
29.533525,17926.42969,4945.890137,5.62,0.55,1.26,91.175255,2082.780029
29.543047,17897.46094,4938.220215,5.47,0.53,1.22,93.459084,2080.72998
29.571609,18004.16016,4960.02002,5.35,0.52,1.24,91.99585,2094.340088
29.657297,18053.59961,4940.330078,5.5,0.53,1.26,95.268349,2100.800049
29.657297,18096.26953,4948.129883,5.71,0.54,1.32,91.738792,2102.399902
29.495441,17982.51953,4945.890137,5.68,0.56,1.35,93.053726,2091.47998
29.285984,18003.75,4906.22998,5.73,0.56,1.37,92.213356,2091.580078
29.209818,17977.24023,4895.790039,5.59,0.57,1.38,90.36454,2087.790039
29.419275,17990.32031,4888.279785,5.76,0.61,1.4,91.550941,2091.699951
29.447838,18041.55078,4863.140137,5.96,0.58,1.33,92.252899,2095.149902
29.419275,17830.75977,4805.290039,6.01,0.56,1.28,94.11161,2075.810059
29.276464,17773.64063,4775.359863,6.05,0.56,1.28,99.36145,2065.300049
29.409756,17891.16016,4817.589844,5.87,0.55,1.32,98.550735,2081.429932
29.162212,17750.91016,4763.220215,5.67,0.53,1.25,94.576286,2063.370117
28.629047,17651.25977,4725.640137,5.7,0.52,1.23,84.323761,2051.120117
28.457674,17660.71094,4717.089844,5.77,0.51,1.2,83.770111,2050.629883
28.676655,17740.63086,4736.160156,5.8,0.51,1.23,88.43663,2057.139893
28.438633,17705.91016,4750.209961,5.64,0.51,1.2,84.392967,2058.689941
29.019403,17928.34961,4809.879883,5.84,0.52,1.2,86.409859,2084.389893
28.886112,17711.11914,4760.689941,6.07,0.53,1.2,88.871643,2064.459961
28.64809,17720.5,4737.330078,6.15,0.54,1.24,87.784111,2064.110107
28.219654,17535.32031,4717.680176,6.09,0.55,1.22,87.339203,2046.609985
28.524319,17710.71094,4775.459961,6.37,0.57,1.26,89.959183,2066.659912
28.286299,17529.98047,4715.72998,6.46,0.58,1.29,90.740234,2047.209961
28.191093,17526.61914,4739.120117,6.33,0.63,1.41,86.577927,2047.630005
27.953074,17435.40039,4712.529785,6.37,0.64,1.38,87.319435,2040.040039
28.143486,17500.93945,4769.560059,6.32,0.67,1.38,88.308105,2052.320068
28.076841,17492.92969,4765.779785,6.29,0.69,1.38,87.121704,2048.040039
28.419592,17706.05078,4861.060059,6.4,0.69,1.41,83.849197,2076.060059
28.64809,17851.50977,4894.890137,6.56,0.67,1.4,84.996056,2090.540039
28.581448,17828.28906,4901.77002,6.49,0.65,1.35,85.12458,2090.100098
28.676655,17873.2207,4933.5,6.52,0.68,1.39,82.563927,2099.060059
28.781382,17787.19922,4948.049805,6.43,0.68,1.37,83.354858,2096.949951
28.667133,17789.66992,4952.25,6.5,0.7,1.39,83.73056,2099.330078
28.610006,17838.56055,4971.359863,6.46,0.68,1.36,83.898636,2105.26001
28.505281,17807.06055,4942.52002,6.43,0.6,1.23,90.977516,2099.129883
28.676655,17920.33008,4968.709961,6.56,0.6,1.25,91.086266,2109.409912
28.695694,17938.2793,4961.75,6.69,0.59,1.23,89.682358,2112.129883
28.857546,18005.05078,4974.640137,6.84,0.6,1.23,93.745796,2119.120117
28.790903,17985.18945,4958.620117,6.73,0.59,1.22,95.031075,2115.47998
28.600489,17865.33984,4894.549805,6.46,0.57,1.17,93.656822,2096.070068
28.400551,17732.48047,4848.439941,6.38,0.55,1.14,93.587616,2079.060059
28.981319,17674.82031,4843.549805,6.35,0.55,1.15,91.254349,2075.320068
29.12413,17640.16992,4834.930176,6.18,0.52,1.1,94.783905,2071.5
29.392733,17733.09961,4844.919922,5.95,0.53,1.1,93.488739,2077.98999
29.354361,17675.16016,4800.339844,6.3,0.51,1.13,93.795235,2071.219971
29.574995,17804.86914,4837.209961,6.47,0.56,1.17,94.546616,2083.25
29.680521,17829.73047,4843.759766,6.47,0.57,1.22,93.053726,2088.899902
29.527033,17780.83008,4833.319824,6.38,0.56,1.2,94.190697,2085.449951
29.920345,18011.07031,4910.040039,6.52,0.58,1.25,93.82489,2113.320068
28.606112,17400.75,4707.97998,6.16,0.48,1.08,100.023857,2037.410034
28.126465,17140.24023,4594.439941,6,0.45,1,105.688942,2000.540039
28.721228,17409.7207,4691.870117,6.2,0.45,1,104.324577,2036.089966
29.306393,17694.67969,4779.25,6.41,0.46,1.03,106.440338,2070.77002
30.198538,17929.99023,4842.669922,6.25,0.45,1.01,110.770714,2098.860107
30.20813,17949.36914,4862.569824,6.38,0.45,1,116.277611,2102.949951
30.16976,17840.61914,4822.899902,6.04,0.44,0.94,121.08255,2088.550049
30.447954,17918.61914,4859.160156,6.13,0.46,0.95,123.98925,2099.72998
30.524696,17895.88086,4876.810059,5.87,0.47,0.97,117.730957,2097.899902
30.889229,18146.74023,4956.759766,5.86,0.48,0.95,120.93425,2129.899902
30.898819,18226.92969,4988.640137,5.77,0.5,1.03,122.189857,2137.159912
30.946787,18347.66992,5022.819824,6.04,0.52,1.1,116.811493,2152.139893
31.042717,18372.11914,5005.72998,5.84,0.51,1.07,118.937141,2152.429932
31.301727,18506.41016,5034.060059,5.89,0.53,1.1,117.553001,2163.75
31.541548,18516.55078,5029.589844,5.93,0.52,1.15,115.773384,2161.73999
31.570326,18533.05078,5055.779785,5.85,0.52,1.14,116.722511,2166.889893
31.589516,18559.00977,5036.370117,5.79,0.56,1.12,115.84259,2163.780029
31.445618,18595.0293,5089.930176,5.79,0.56,1.15,111.749496,2173.02002
31.263355,18517.23047,5073.899902,5.67,0.54,1.11,113.9048,2165.169922
30.754929,18570.84961,5100.160156,5.65,0.55,1.13,114.557327,2175.030029
30.352024,18493.06055,5097.629883,5.46,0.55,1.15,110.681732,2168.47998
30.188946,18473.75,5110.049805,5.38,0.55,1.15,112.411903,2169.179932
30.00668,18472.16992,5139.810059,5.31,0.53,1.1,114.488121,2166.580078
29.9779,18456.34961,5154.97998,5.15,0.53,1.09,115.199959,2170.060059
29.872377,18432.24023,5162.129883,5.23,0.5,1.03,116.277611,2173.600098
29.881971,18404.50977,5184.200195,4.97,0.5,1.06,117.553001,2170.840088
29.786041,18313.76953,5137.72998,4.96,0.5,1.07,118.472466,2157.030029
29.862783,18355,5159.740234,5.13,0.53,1.07,117.533218,2163.790039
29.901155,18352.05078,5166.25,5.26,0.51,1.03,111.957115,2164.25
30.00668,18543.5293,5221.120117,5.3,0.56,1.13,108.249596,2182.870117
29.997087,18529.28906,5213.140137,5.43,0.57,1.15,107.893677,2180.889893
30.025864,18533.05078,5225.47998,5.41,0.55,1.11,109.238274,2181.73999
29.997087,18495.66016,5204.580078,5.21,0.55,1.07,109.841362,2175.48999
30.016272,18613.51953,5228.399902,5.46,0.55,1.16,109.356911,2185.790039
29.968309,18576.4707,5232.890137,5.62,0.56,1.1,107.873909,2184.050049
29.968309,18636.05078,5262.02002,5.79,0.56,1.14,107.992554,2190.149902
29.920345,18552.01953,5227.109863,5.85,0.57,1.16,109.85125,2178.149902
30.016272,18573.93945,5228.660156,5.88,0.58,1.15,108.091415,2182.219971
30.150572,18597.69922,5240.149902,6.08,0.58,1.12,108.872467,2187.02002
29.9779,18552.57031,5238.379883,6.08,0.59,1.17,107.369682,2183.870117
30.045052,18529.41992,5244.600098,5.88,0.58,1.15,104.61129,2182.639893
29.958714,18547.30078,5260.080078,5.94,0.58,1.15,103.780807,2186.899902
29.949121,18481.48047,5217.689941,5.78,0.59,1.13,98.145378,2175.439941
29.939528,18448.41016,5212.200195,5.85,0.6,1.16,98.501305,2172.469971
29.958714,18395.40039,5218.919922,5.86,0.62,1.23,97.967415,2169.040039
30.083422,18502.99023,5232.330078,5.82,0.62,1.18,97.917992,2180.379883
30.093016,18454.30078,5222.990234,5.75,0.61,1.18,93.330559,2176.120117
29.968309,18400.88086,5213.220215,5.53,0.61,1.19,92.58905,2170.949951
29.929937,18419.30078,5227.209961,5.36,0.6,1.18,95.406761,2170.860107
30.016272,18491.96094,5249.899902,5.45,0.59,1.2,98.689148,2179.97998
29.786041,18538.11914,5275.910156,5.53,0.56,1.13,103.019531,2186.47998
29.795635,18526.14063,5283.930176,5.63,0.57,1.12,102.871231,2186.159912
29.776451,18479.91016,5259.47998,5.9,0.57,1.19,100.360008,2181.300049
28.884308,18085.44922,5125.910156,5.66,0.58,1.23,96.632713,2127.810059
29.248838,18325.07031,5211.890137,5.69,0.57,1.21,99.153831,2159.040039
28.63489,18066.75,5155.25,5.52,0.63,1.26,95.663818,2127.02002
28.490997,18034.76953,5173.77002,5.38,0.62,1.21,96.395432,2125.77002
28.761696,18212.48047,5249.689941,5.42,0.6,1.2,95.960419,2147.26001
28.694023,18123.80078,5244.569824,5.32,0.61,1.21,95.386993,2139.159912
28.452326,18120.16992,5235.029785,5.33,0.6,1.22,97.255585,2139.120117
28.684355,18129.96094,5241.350098,5.39,0.61,1.2,96.721695,2139.76001
28.858376,18293.69922,5295.180176,5.57,0.61,1.2,101.279472,2163.120117
29.042063,18392.46094,5339.52002,5.64,0.6,1.18,102.8218,2177.179932
28.897045,18261.44922,5305.75,5.44,0.6,1.16,99.944763,2164.689941
28.558672,18094.83008,5257.490234,5.54,0.58,1.13,99.687714,2146.100098
28.887375,18228.30078,5305.709961,5.4,0.58,1.12,99.302132,2159.929932
28.906713,18339.24023,5318.549805,5.67,0.6,1.13,101.991318,2171.370117
28.549006,18143.44922,5269.149902,5.76,0.59,1.12,101.042183,2151.129883
28.636017,18308.15039,5312,5.83,0.59,1.14,98.936317,2168.27002
28.65535,18253.84961,5300.870117,5.95,0.63,1.18,98.12561,2161.199951
28.520002,18168.44922,5289.660156,5.92,0.64,1.22,89.534058,2150.48999
28.520002,18281.0293,5316.02002,6.1,0.65,1.26,89.563713,2159.72998
28.29764,18268.5,5306.850098,6.22,0.65,1.28,86.261559,2160.77002
28.113953,18240.49023,5292.399902,6.06,0.66,1.26,87.250229,2153.73999
27.901262,18329.03906,5328.669922,6.29,0.66,1.26,85.974838,2163.659912
27.959269,18128.66016,5246.790039,6.23,0.69,1.3,82.939621,2136.72998
27.93993,18144.19922,5239.02002,6.16,0.68,1.31,83.74044,2139.179932
27.814253,18098.93945,5213.330078,6.18,0.66,1.27,85.07515,2132.550049
27.930265,18138.38086,5214.160156,6.18,0.66,1.28,82.099251,2132.97998
27.891594,18086.40039,5199.819824,6.13,0.65,1.26,82.880302,2126.5
28.017275,18161.93945,5243.839844,6.18,0.66,1.24,85.589256,2139.600098
28.094618,18202.61914,5246.410156,6.31,0.65,1.24,85.984726,2144.290039
28.104284,18162.34961,5241.830078,6.18,0.66,1.26,85.945183,2141.340088
28.017275,18145.71094,5257.399902,6.23,0.66,1.25,85.95507,2141.159912
27.959269,18223.0293,5309.830078,6.19,0.66,1.27,84.580818,2151.330078
27.698236,18169.26953,5283.399902,6.06,0.66,1.29,86.222008,2143.159912
27.910931,18199.33008,5250.27002,5.96,0.67,1.3,84.808205,2139.429932
27.678902,18169.67969,5215.970215,6.03,0.68,1.33,84.392967,2133.040039
28.249302,18161.18945,5190.100098,5.9,0.66,1.33,84.877411,2126.409912
28.133289,18142.41992,5189.140137,5.6,0.66,1.31,87.724792,2126.149902
27.920599,18037.09961,5153.580078,5.63,0.65,1.3,88.841988,2111.719971
27.543554,17959.64063,5105.569824,5.45,0.64,1.26,89.010063,2097.939941
27.340528,17930.66992,5058.410156,5.31,0.64,1.26,87.003059,2088.659912
27.495216,17888.2793,5046.370117,5.29,0.62,1.24,84.916962,2085.179932
28.336313,18259.59961,5166.169922,5.41,0.63,1.29,82.959396,2131.52002
28.442659,18332.74023,5193.490234,5.41,0.71,1.34,82.761658,2139.560059
28.645683,18589.68945,5251.069824,5.52,0.72,1.49,85.243225,2163.26001
29.399771,18807.88086,5208.799805,5.37,0.72,1.56,76.651672,2167.47998
29.689804,18847.66016,5237.109863,5.22,0.72,1.56,72.835403,2164.449951
29.496449,18868.68945,5218.399902,5.26,0.77,1.66,72.439926,2164.199951
29.728476,18923.06055,5275.620117,5.55,0.78,1.68,73.863617,2180.389893
29.718807,18868.14063,5294.580078,5.47,0.76,1.68,73.280304,2176.939941
29.767147,18903.82031,5333.970215,5.39,0.77,1.73,72.855179,2187.120117
29.651133,18867.92969,5321.509766,5.54,0.77,1.8,71.372169,2181.899902
29.84449,18956.68945,5368.859863,5.79,0.78,1.79,73.744972,2198.179932
30.14419,19023.86914,5386.350098,5.71,0.78,1.77,72.608009,2202.939941
30.298876,19083.17969,5380.680176,5.72,0.8,1.83,70.116554,2204.719971
30.395555,19152.14063,5398.919922,5.56,0.81,1.83,70.28463,2213.350098
30.211866,19097.90039,5368.810059,5.55,0.79,1.8,73.44838,2201.719971
30.018507,19121.59961,5379.919922,5.39,0.78,1.78,72.776085,2204.659912
29.738144,19123.58008,5323.680176,5.82,0.8,1.83,71.065681,2198.810059
30.347214,19191.92969,5251.109863,6.08,0.82,1.9,71.569901,2191.080078
30.298876,19170.41992,5255.649902,6.19,0.8,1.84,72.924385,2191.949951
30.076515,19216.24023,5308.890137,6.11,0.82,1.84,72.014801,2204.709961
30.134521,19251.7793,5333,6.06,0.83,1.84,72.242195,2212.22998
30.550238,19549.61914,5393.759766,5.95,0.85,1.8,73.764755,2241.350098
30.482565,19614.81055,5417.359863,6.07,0.84,1.83,73.804298,2246.189941
30.724262,19756.84961,5444.5,6.17,0.85,1.89,72.291634,2259.530029
30.8016,19796.42969,5412.540039,6.27,0.85,1.9,72.024689,2256.959961
30.685585,19911.21094,5463.830078,6.34,0.88,1.92,73.072685,2271.719971
30.45356,19792.5293,5436.669922,6.07,0.92,2.02,70.314293,2253.280029
30.221533,19852.24023,5456.850098,6.12,0.91,2.1,68.020576,2262.030029
30.695255,19843.41016,5437.160156,6.23,0.91,2.07,67.96125,2258.070068
30.859608,19883.06055,5457.439941,6.22,0.9,2.03,69.651878,2262.530029
31.178642,19974.61914,5483.939941,6.28,0.9,2.06,69.829842,2270.76001
31.062632,19941.96094,5471.430176,6.15,0.88,2.04,69.49369,2265.179932
30.994448,19918.88086,5447.419922,6.16,0.87,2.04,70.294518,2260.959961
31.052891,19933.81055,5462.689941,6.22,0.87,2.04,71.026131,2263.790039
31.072372,19945.03906,5487.439941,6.35,0.89,2.07,72.034576,2268.879883
30.877563,19833.67969,5438.560059,6.36,0.9,2.02,74.703987,2249.919922
30.8873,19819.7793,5432.089844,6.33,0.85,1.96,78.184113,2249.26001
30.780155,19762.59961,5383.120117,6.33,0.85,1.93,75.475151,2238.830078
30.867821,19881.75977,5429.080078,6.15,0.89,1.94,78.114906,2257.830078
30.877563,19942.16016,5477,6.25,0.87,1.94,78.391731,2270.75
30.70223,19899.28906,5487.939941,6.33,0.83,1.86,81.772987,2269
30.789896,19963.80078,5521.060059,6.32,0.85,1.92,79.983498,2276.97998
30.643785,19887.38086,5531.819824,6.06,0.82,1.89,79.904404,2268.899902
30.556124,19855.5293,5551.819824,5.94,0.82,1.89,80.685448,2268.899902
30.653528,19954.2793,5563.649902,6.14,0.82,1.89,79.459503,2275.320068
30.575603,19891,5547.490234,6.23,0.81,1.87,80.853523,2270.439941
30.546381,19885.73047,5574.120117,6.15,0.82,1.9,80.972168,2274.639893
30.458719,19826.76953,5538.72998,6.13,0.8,1.84,82.49472,2267.889893
30.419754,19804.7207,5555.649902,6.01,0.82,1.93,81.456612,2271.889893
30.400272,19732.40039,5540.080078,6.01,0.83,1.97,81.209442,2263.689941
29.737919,19827.25,5555.330078,6.12,0.82,1.95,81.950951,2271.310059
28.978153,19799.84961,5552.939941,6.08,0.79,1.88,84.877411,2265.199951
29.221666,19912.71094,5600.959961,6.11,0.81,1.94,84.027153,2280.070068
29.582067,20068.50977,5656.339844,6.09,0.82,1.99,82.633133,2298.370117
29.533363,20100.91016,5655.180176,6.22,0.82,1.95,80.378967,2296.679932
29.231407,20093.7793,5660.779785,6.14,0.82,1.94,81.328087,2294.689941
29.182703,19971.13086,5613.709961,6.09,0.81,1.94,81.229225,2280.899902
28.929451,19864.08984,5614.790039,6.06,0.84,1.9,83.97773,2278.870117
28.91971,19890.93945,5642.649902,6.18,0.83,1.93,83.908524,2279.550049
28.909969,19884.91016,5636.200195,6.2,0.84,1.92,84.758781,2280.850098
28.929451,20071.46094,5666.77002,6.21,0.82,1.93,84.808205,2297.419922
28.890488,20052.41992,5663.549805,6.11,0.79,1.86,89.939415,2292.560059
28.793081,20090.28906,5674.220215,6.03,0.8,1.85,91.89698,2293.080078
28.666454,20054.33984,5682.450195,6.03,0.79,1.81,93.864441,2294.669922
28.822304,20172.40039,5715.180176,6.1,0.8,1.88,91.827774,2307.870117
28.948931,20269.36914,5734.129883,6.19,0.81,1.89,92.381432,2316.100098
29.26063,20412.16016,5763.959961,6.09,0.82,1.92,91.758568,2328.25
29.494402,20504.41016,5782.569824,6.12,0.84,1.98,91.946411,2337.580078
29.562586,20611.85938,5819.439941,6.1,0.86,2.01,91.372986,2349.25
29.659992,20619.76953,5814.899902,6.14,0.82,1.95,90.66114,2347.219971
29.582067,20624.05078,5838.580078,6.12,0.82,1.92,90.137146,2351.159912
29.728176,20743,5865.950195,6.2,0.83,1.93,90.236008,2365.379883
29.543104,20775.59961,5860.629883,6.1,0.82,1.92,92.262787,2362.820068
29.474377,20810.32031,5835.509766,6.2,0.81,1.87,93.617271,2363.810059
29.641287,20821.75977,5845.310059,6.15,0.8,1.8,93.696358,2367.340088
29.395832,20837.43945,5861.899902,6.16,0.81,1.87,89.553833,2369.75
29.268192,20812.24023,5825.439941,6.14,0.88,1.89,90.671028,2363.639893
29.641287,21115.55078,5904.029785,6.1,0.92,1.99,91.086266,2395.959961
29.641287,21002.9707,5861.220215,5.98,0.98,2.03,88.387199,2381.919922
29.572559,21005.71094,5870.75,6.05,0.98,2.02,89.830658,2383.120117
29.454741,20954.33984,5849.180176,6.05,0.97,2.02,87.962074,2375.310059
29.317286,20924.75977,5833.930176,6.02,1.02,2.05,86.271446,2368.389893
29.258375,20855.73047,5837.549805,5.61,1.03,2.08,84.580818,2362.97998
29.12092,20858.18945,5838.810059,5.52,1.04,2.13,83.305428,2364.870117
29.729652,20902.98047,5861.72998,5.35,1.03,2.11,84.13591,2372.600098
29.317286,20881.48047,5875.779785,5.34,1.06,2.14,84.323761,2373.469971
29.003101,20837.36914,5856.819824,5.27,1.06,2.13,83.236221,2365.449951
29.219101,20950.09961,5900.049805,5.39,1.02,2.02,87.269997,2385.26001
29.209284,20934.55078,5900.759766,5.39,1.01,2.05,87.870003,2381.379883
29.33692,20914.61914,5901,5.37,1,2.03,87.410004,2378.25
29.199465,20905.85938,5901.529785,5.33,1.01,2,89.410004,2373.469971
28.855825,20668.00977,5793.830078,5.22,1,1.96,89.989998,2344.02002
28.993282,20661.30078,5821.640137,5.22,0.99,1.95,90.830002,2348.449951
29.081646,20656.58008,5817.689941,5.14,0.99,1.95,89.230003,2345.959961
29.179829,20596.7207,5828.740234,5.2,1,1.93,89.07,2343.97998
28.904919,20550.98047,5840.370117,5.16,1,1.93,90.150002,2341.590088
29.081646,20701.5,5875.140137,5.21,1.03,1.97,89.07,2358.570068
29.140556,20659.32031,5897.549805,5.39,1.04,1.93,87.68,2361.129883
29.327105,20728.49023,5914.339844,5.54,1.03,1.96,86.410004,2368.060059
29.258375,20663.2207,5911.740234,5.58,1.03,1.93,87.279999,2362.719971
29.33692,20650.21094,5894.680176,5.52,1.02,1.88,87.839996,2358.840088
29.474377,20689.24023,5898.609863,5.62,1.03,1.88,89.389999,2360.159912
29.425283,20648.15039,5864.47998,5.6,1.03,1.85,89.150002,2352.949951
29.386013,20662.94922,5878.950195,5.72,1.05,1.87,89.260002,2357.48999
29.44492,20656.09961,5877.810059,5.79,1.08,1.92,90.620003,2355.540039
29.46456,20658.01953,5880.930176,5.91,1.07,1.91,90.169998,2357.159912
29.494013,20651.30078,5866.77002,5.93,1.05,1.84,93.82,2353.780029
29.22892,20591.85938,5836.160156,5.89,1.04,1.81,93.540001,2344.929932
29.022736,20453.25,5805.149902,5.92,1.03,1.77,93.900002,2328.949951
29.101284,20636.91992,5856.790039,5.85,1.04,1.79,93.5,2349.01001
29.297647,20523.2793,5849.470215,5.85,1.02,1.71,93.82,2342.189941
29.454741,20404.49023,5863.029785,5.55,1.02,1.74,90.809998,2338.169922
29.719831,20578.71094,5916.779785,5.48,1.01,1.78,90.629997,2355.840088
29.012918,20547.75977,5910.52002,5.33,0.99,1.77,90.610001,2348.689941
29.012918,20763.89063,5983.819824,5.28,1.03,1.81,88.620003,2374.149902
28.914738,20996.11914,6025.490234,5.37,1.09,1.87,86.910004,2388.610107
28.728189,20975.08984,6025.22998,5.31,1.07,1.84,87.379997,2387.449951
28.551462,20981.33008,6048.939941,5.3,1.06,1.81,86.639999,2388.77002
28.463097,20940.50977,6047.609863,5.29,1.07,1.81,87.989998,2384.199951
28.414007,20913.46094,6091.600098,5.23,1.09,1.84,85.889999,2388.330078
28.463097,20949.89063,6095.370117,5.07,1.08,1.81,85.730003,2391.169922
28.698734,20957.90039,6072.549805,5.1,1.1,1.86,84.790001,2388.129883
28.669281,20951.4707,6075.339844,4.82,1.11,1.88,85.029999,2389.52002
28.688917,21006.93945,6100.759766,4.94,1.1,1.89,88.949997,2399.290039
28.541641,21012.2793,6102.660156,4.95,1.12,1.91,88.989998,2399.379883
